((("company-c-headers" .
   [0 0 0 0 0 0 0 0 0 0 0 0 1 0 0 0 0])
  ("company" .
   [1 0 0 0 0 0 0])
  ("doom-vibrant" .
   [0 0 0 0 0 0 0 0 1 0 0 0])
  ("C-x" .
   [1 0 0])
  ("configs" .
   [0 0 0 0 0 0 1])
  ("config" .
   [1 0 0 0 0 0])
  ("svg-mode-line-themes" .
   [0 0 0 0 0 0 1 0 0 0 0 0 0 0 0 0 0 0 0 0])
  ("sv" .
   [1 0])
  ("pp-to-string" .
   [0 0 2 0 0 0 0 0 0 0 0 0])
  ("p" .
   [3])
  ("printf" .
   [0 0 1 0 0 0])
  ("main" .
   [0 0 2 0])
  ("std" .
   [0 0 1])
  ("include" .
   [0 0 1 0 0 0 0])
  ("inc" .
   [1 0 0])
  ("return" .
   [0 0 4 0 0 1])
  ("load-theme" .
   [0 0 0 0 0 0 0 1 0 1])
  ("atom-dark-theme" .
   [0 0 0 0 0 0 0 0 0 0 0 0 0 0 1])
  ("atom-one-dark-theme" .
   [0 0 1 0 0 0 0 0 1 0 0 0 0 0 0 0 1 1 0])
  ("require" .
   [1 0 0 0 0 0 1])
  ("int" .
   [0 0 2])
  ("x" .
   [3])
  ("setq" .
   [3 0 0 0])
  ("recent" .
   [0 0 0 0 0 1])
  ("recentf" .
   [1 0 0 0 0 0 0])
  ("recentf-mode" .
   [0 0 0 0 0 0 0 1 0 0 0 0])
  ("pp-buffer" .
   [0 0 1 0 0 0 0 0 0])
  ("find" .
   [1 0 0 0])
  ("file" .
   [4 0 0 0])
  ("fi" .
   [3 0])
  ("open" .
   [2 0 0 0])
  ("with" .
   [1 0 0 0])
  ("defun" .
   [1 0 0 0 0])
  ("sayHello" .
   [3 0 0 1 0 0 0 0])
  ("name" .
   [7 0 0 1])
  ("message" .
   [2 0 1 0 0 0 1])
  ("%s" .
   [1 0])
  ("define" .
   [1 0 0 0 0 0])
  ("n" .
   [2])
  ("s" .
   [2])
  ("to" .
   [1 0])
  ("genius" .
   [1 0 0 1 0 0])))
